BubbleSort Results:
9
15
19
20
22
26
28
41
45
47
64
66
82
85
100
101
109
116
120
149
159
168
174
194
206
212
215
230
246
256
283
285
299
305
335
358
388
403
410
425
428
432
434
464
466
481
483
492
500
503
510
511
517
519
524
526
527
548
551
558
575
583
584
597
609
613
616
625
633
646
650
654
660
716
734
735
763
796
813
831
851
854
860
863
871
872
881
893
894
899
913
915
917
919
955
978
983
989
992
998
