BucketSort Results:
5
11
13
16
18
32
42
45
60
64
78
81
82
91
98
104
108
148
164
172
184
188
241
257
259
291
306
325
335
394
408
412
459
469
470
478
492
506
508
532
536
545
548
569
573
582
600
601
615
641
653
656
689
691
692
696
697
702
705
710
716
774
783
787
794
797
799
805
809
815
818
820
824
830
836
838
839
846
855
858
859
871
872
874
884
887
888
896
904
943
954
963
966
970
975
982
992
994
996
999
