CycleSort Results:
23
38
43
51
52
65
71
72
78
81
105
139
146
166
170
171
176
177
216
220
242
247
250
255
267
271
273
275
277
300
319
323
343
344
358
360
373
393
397
413
443
453
482
517
521
522
524
539
545
552
559
562
569
575
578
583
584
588
590
604
608
616
618
623
627
639
643
652
673
689
693
696
721
732
739
747
757
761
777
782
784
790
803
807
824
862
887
889
897
904
907
913
926
941
951
955
961
966
994
998
