GnomeSort Results:
7
19
37
38
51
71
110
128
132
140
160
166
174
181
196
221
223
237
238
243
244
260
278
288
289
304
318
324
328
333
343
344
350
360
374
377
384
397
399
407
433
434
438
443
447
453
492
505
530
533
536
540
552
555
561
565
570
574
580
594
595
605
606
621
630
641
668
682
687
693
694
705
708
726
732
733
744
752
763
764
770
773
783
785
795
805
806
808
817
820
823
831
867
896
903
904
920
926
930
963
