InsertionSort Results:
7
12
15
20
24
51
53
68
84
99
103
129
134
151
165
166
183
192
212
215
221
224
229
232
271
325
333
341
349
360
366
367
370
382
386
392
401
406
414
421
424
428
447
461
470
473
485
499
504
516
523
524
540
555
558
575
588
615
639
642
647
650
654
659
664
666
692
695
711
722
729
737
745
751
753
754
763
786
794
802
806
811
820
822
830
845
846
847
851
860
865
870
881
893
914
926
941
969
981
984
