OddEvenSort Results:
2
11
35
49
55
82
90
93
98
100
102
103
109
110
112
117
134
140
141
148
151
172
179
188
198
230
252
273
279
289
294
295
318
319
332
346
358
367
369
376
407
409
411
419
424
437
440
441
448
455
493
506
510
516
519
529
533
541
544
546
590
617
632
649
671
682
707
725
731
738
745
746
762
771
772
774
786
795
798
811
815
823
824
837
848
858
863
868
881
911
916
928
946
956
971
983
991
992
993
1000
