SelectionSort Results:
16
55
57
60
66
73
85
89
90
94
99
129
141
151
155
177
187
220
221
226
234
246
248
251
271
280
303
318
320
365
381
383
396
401
411
434
436
440
461
479
488
496
499
503
509
512
516
517
518
529
538
558
559
568
575
577
594
606
611
623
628
640
642
674
694
711
720
734
741
747
761
768
782
794
800
821
839
857
866
871
884
887
890
891
892
901
913
923
929
933
934
941
947
948
958
967
970
980
981
997
