Bubble Sort Result:
2
5
37
43
46
51
63
88
89
107
120
121
131
135
140
142
145
147
152
172
203
212
218
223
228
235
241
242
254
259
266
272
279
292
293
298
334
344
356
361
368
381
388
418
425
428
438
445
453
477
480
485
488
497
517
518
531
566
570
596
600
604
608
610
615
617
621
638
652
668
700
712
717
723
727
729
742
744
752
766
777
784
785
793
798
806
815
842
854
888
899
912
930
944
947
953
963
975
979
990
